\ Sc                  
\ f? are the scaling factors such that:   f(rest) = f(observerd) * f?
\ colors are in magnitude units:  color(rest) = color(obs) - color_correction
\  T. Jarrett 2013
\ Fu  =     103.763
\ Fg  =     426.612
\ Fr  =     744.979
\ Fi  =     968.911
\ Fz  =    1448.630
\ FSCB  =     334.548
\ FSCR  =     689.649
\ FSCI  =    1001.220
\ Fj  =    1756.400
\ Fh  =    2065.260
\ Fk  =    1596.430
\ F1 =     849.291
\ F2 =     542.812
\ F3 =    1869.950
\ F4 =    2065.220
\ Firac1 =     818.133
\ Firac2 =     558.634
\ Firac3 =     794.043
\ Firac4 =    1895.650
\ Fmips24 =    2341.890
\ u-g  =   1.535
\ g-r  =   0.605
\ r-i  =   0.286
\ J-K =   0.841
\ H-K =   0.186
\ W1-W2 =   0.153
\ W2-W3 =   3.179
\ W3-W4 =   1.553
\ I1-I2 =   0.070
\ I2-I4 =   2.446
\ I4-M24=   2.567
z       fJ     fH       fK     J-K     H-K     fW1     fW2     fW3     fW4     W1-W2   W2-W3  W3-W4   fu       fg      fr      fi      u-g     g-r     r-i   firac1  firac2  firac3  firac4  fmips24  I1-I2  I2-I4   I4-M24  fSCB    fSCR    fSCI     fz
 0.00000    1.000    1.000    1.000    0.000    0.000    1.000    1.000    1.000    1.000    0.000    0.000    0.000    1.000    1.000    1.000    1.000    0.000    0.000    0.000    1.000    1.000    1.000    1.000    1.000    0.000    0.000    0.000    1.000    1.000    1.000    1.000
 0.00200    0.970    0.977    0.969    0.008    0.001    0.980    0.983    0.975    0.977   -0.001   -0.002   -0.002    0.977    0.979    0.977    0.977   -0.003    0.003   -0.000    0.972    0.973    0.978    0.975    0.977   -0.001   -0.002   -0.002    0.977    0.977    0.977    0.974
 0.00300    0.977    0.984    0.977    0.008    0.000    0.975    0.977    0.978    0.984   -0.002   -0.001   -0.006    0.984    0.985    0.988    0.984   -0.001   -0.003    0.005    0.980    0.980    0.987    0.980    0.984    0.000    0.000   -0.005    0.987    0.980    0.980    0.977
 0.00400    0.981    0.985    0.973    0.013    0.009    0.976    0.978    0.980    0.988   -0.002   -0.002   -0.009    0.977    0.997    0.992    0.982   -0.023    0.006    0.011    0.980    0.980    0.991    0.983    0.988   -0.000   -0.003   -0.006    1.001    0.984    0.982    0.984
 0.00500    0.983    0.986    0.976    0.011    0.009    0.977    0.977    0.979    0.991   -0.000   -0.003   -0.012    0.986    0.999    0.989    0.985   -0.014    0.011    0.004    0.978    0.979    0.996    0.982    0.991   -0.001   -0.004   -0.009    1.006    0.991    0.985    0.987
 0.00600    0.974    0.980    0.963    0.019    0.013    0.967    0.967    0.972    0.984   -0.000   -0.005   -0.014    0.980    0.995    0.989    0.982   -0.016    0.006    0.008    0.970    0.969    0.993    0.974    0.985    0.002   -0.006   -0.011    0.999    0.985    0.982    0.983
 0.00700    0.973    0.979    0.965    0.016    0.009    0.965    0.967    0.970    0.987   -0.002   -0.004   -0.018    1.003    0.994    0.982    0.986    0.010    0.012   -0.004    0.969    0.968    0.997    0.975    0.987    0.002   -0.008   -0.013    1.011    0.988    0.986    0.983
 0.00800    0.975    0.979    0.962    0.018    0.014    0.965    0.966    0.970    0.988   -0.001   -0.004   -0.021    1.011    0.992    0.987    0.988    0.021    0.005   -0.001    0.967    0.966    0.997    0.974    0.989    0.000   -0.009   -0.016    1.015    0.983    0.986    0.983
 0.00900    0.975    0.980    0.961    0.022    0.016    0.963    0.964    0.968    0.990   -0.001   -0.005   -0.024    1.012    0.997    0.986    0.987    0.017    0.011   -0.000    0.967    0.964    1.003    0.974    0.990    0.003   -0.011   -0.018    0.999    0.983    0.984    0.981
 0.01000    0.970    0.974    0.956    0.021    0.016    0.956    0.958    0.963    0.986   -0.002   -0.006   -0.026    1.032    0.986    0.982    0.984    0.049    0.005   -0.002    0.960    0.958    1.003    0.969    0.987    0.003   -0.012   -0.020    0.996    0.978    0.979    0.980
 0.01100    0.968    0.974    0.953    0.024    0.017    0.956    0.956    0.961    0.988   -0.001   -0.006   -0.030    1.049    0.993    0.982    0.983    0.060    0.012   -0.001    0.958    0.956    1.007    0.968    0.988    0.002   -0.013   -0.023    1.002    0.977    0.981    0.985
 0.01200    0.969    0.976    0.953    0.025    0.018    0.954    0.955    0.960    0.989   -0.001   -0.006   -0.033    1.040    0.993    0.987    0.985    0.051    0.007    0.002    0.958    0.955    1.008    0.967    0.990    0.004   -0.014   -0.025    0.996    0.984    0.984    0.980
 0.01300    0.966    0.971    0.947    0.027    0.021    0.949    0.950    0.956    0.987   -0.002   -0.007   -0.035    1.049    0.999    0.983    0.985    0.053    0.017   -0.002    0.953    0.949    1.010    0.963    0.988    0.004   -0.015   -0.028    0.998    0.983    0.984    0.981
 0.01400    0.967    0.971    0.947    0.027    0.022    0.948    0.949    0.955    0.989   -0.000   -0.007   -0.038    1.049    0.998    0.990    0.987    0.054    0.009    0.004    0.951    0.948    1.017    0.963    0.990    0.003   -0.017   -0.030    1.005    0.984    0.982    0.984
 0.01500    0.963    0.970    0.943    0.031    0.023    0.944    0.944    0.951    0.987   -0.001   -0.007   -0.041    1.030    1.008    0.978    0.987    0.023    0.033   -0.010    0.948    0.943    1.018    0.959    0.988    0.006   -0.018   -0.033    1.007    0.977    0.982    0.977
 0.01600    0.963    0.969    0.942    0.031    0.024    0.942    0.943    0.950    0.989   -0.001   -0.008   -0.044    1.027    1.008    0.979    0.986    0.020    0.031   -0.007    0.947    0.941    1.021    0.957    0.990    0.007   -0.019   -0.036    1.012    0.975    0.980    0.983
 0.01700    0.961    0.967    0.938    0.033    0.026    0.939    0.939    0.946    0.988   -0.000   -0.008   -0.047    1.019    1.011    0.983    0.985    0.009    0.030   -0.003    0.942    0.938    1.024    0.955    0.989    0.005   -0.020   -0.038    1.017    0.976    0.979    0.984
 0.01800    0.959    0.966    0.935    0.035    0.027    0.936    0.936    0.943    0.987   -0.000   -0.009   -0.049    1.001    1.013    0.983    0.981   -0.013    0.033    0.002    0.940    0.934    1.029    0.952    0.989    0.007   -0.021   -0.041    1.016    0.974    0.979    0.981
 0.01900    0.957    0.963    0.932    0.036    0.028    0.932    0.933    0.940    0.987   -0.001   -0.009   -0.052    0.991    1.012    0.978    0.984   -0.023    0.037   -0.006    0.937    0.930    1.032    0.949    0.988    0.008   -0.022   -0.044    1.021    0.974    0.982    0.981
 0.02000    0.955    0.963    0.930    0.038    0.030    0.930    0.929    0.938    0.986    0.001   -0.010   -0.054    1.004    1.007    0.982    0.982   -0.003    0.027    0.000    0.933    0.927    1.034    0.946    0.988    0.007   -0.023   -0.047    1.021    0.979    0.978    0.980
 0.02100    0.953    0.961    0.927    0.038    0.030    0.927    0.927    0.935    0.986    0.000   -0.010   -0.057    1.018    1.000    0.985    0.982    0.020    0.016    0.004    0.931    0.924    1.038    0.943    0.988    0.009   -0.023   -0.050    1.028    0.982    0.979    0.977
 0.02200    0.952    0.960    0.924    0.041    0.032    0.923    0.924    0.933    0.985   -0.000   -0.011   -0.059    1.028    1.003    0.982    0.982    0.027    0.023   -0.000    0.928    0.920    1.046    0.941    0.988    0.009   -0.024   -0.053    1.024    0.976    0.976    0.980
 0.02300    0.951    0.959    0.923    0.042    0.033    0.922    0.921    0.930    0.985    0.001   -0.011   -0.062    1.030    1.005    0.983    0.981    0.027    0.024    0.002    0.925    0.917    1.052    0.938    0.988    0.009   -0.025   -0.057    1.021    0.970    0.974    0.978
 0.02400    0.950    0.958    0.920    0.044    0.035    0.919    0.919    0.928    0.985    0.000   -0.011   -0.065    1.039    1.018    0.970    0.982    0.022    0.052   -0.013    0.924    0.915    1.056    0.936    0.989    0.011   -0.025   -0.059    1.017    0.968    0.978    0.977
 0.02500    0.949    0.957    0.918    0.045    0.035    0.916    0.916    0.926    0.985    0.000   -0.012   -0.067    1.042    1.018    0.974    0.981    0.026    0.047   -0.007    0.921    0.912    1.061    0.933    0.989    0.011   -0.026   -0.063    1.018    0.968    0.979    0.982
 0.02600    0.948    0.957    0.916    0.047    0.036    0.915    0.914    0.924    0.985    0.002   -0.013   -0.069    1.046    1.025    0.978    0.982    0.022    0.051   -0.004    0.919    0.909    1.069    0.931    0.990    0.011   -0.025   -0.067    1.022    0.965    0.977    0.980
 0.02700    0.946    0.955    0.912    0.049    0.039    0.910    0.910    0.920    0.983    0.001   -0.013   -0.072    1.050    1.021    0.974    0.980    0.031    0.051   -0.007    0.916    0.905    1.075    0.927    0.988    0.013   -0.026   -0.070    1.028    0.973    0.977    0.979
 0.02800    0.945    0.954    0.911    0.049    0.039    0.908    0.907    0.919    0.984    0.001   -0.014   -0.074    1.056    1.029    0.973    0.979    0.028    0.061   -0.007    0.913    0.902    1.081    0.925    0.989    0.013   -0.027   -0.073    1.026    0.975    0.975    0.979
 0.02900    0.944    0.953    0.909    0.052    0.041    0.907    0.905    0.916    0.984    0.002   -0.013   -0.078    1.058    1.026    0.979    0.981    0.033    0.052   -0.003    0.911    0.900    1.088    0.922    0.990    0.014   -0.027   -0.077    1.029    0.975    0.974    0.976
 0.03000    0.942    0.952    0.906    0.054    0.042    0.903    0.902    0.914    0.983    0.002   -0.015   -0.078    1.043    1.020    0.981    0.981    0.024    0.043    0.000    0.908    0.896    1.095    0.919    0.989    0.015   -0.028   -0.079    1.025    0.964    0.977    0.976
 0.03100    0.942    0.951    0.904    0.054    0.044    0.901    0.900    0.912    0.983    0.002   -0.015   -0.081    1.045    1.021    0.979    0.980    0.025    0.046   -0.001    0.906    0.894    1.104    0.917    0.990    0.014   -0.027   -0.084    1.031    0.962    0.977    0.978
 0.03200    0.939    0.950    0.901    0.057    0.045    0.899    0.896    0.910    0.982    0.003   -0.016   -0.083    1.028    1.000    0.972    0.980    0.029    0.032   -0.009    0.903    0.890    1.110    0.914    0.990    0.016   -0.028   -0.086    1.050    0.965    0.976    0.978
 0.03300    0.937    0.948    0.899    0.058    0.045    0.895    0.893    0.906    0.981    0.002   -0.016   -0.086    1.021    1.002    0.971    0.976    0.021    0.034   -0.006    0.900    0.887    1.116    0.910    0.989    0.017   -0.029   -0.090    1.053    0.963    0.974    0.978
 0.03400    0.936    0.947    0.896    0.060    0.047    0.892    0.890    0.904    0.980    0.003   -0.017   -0.089    1.009    1.017    0.969    0.976   -0.009    0.053   -0.007    0.897    0.883    1.123    0.908    0.989    0.017   -0.029   -0.093    1.062    0.960    0.973    0.976
 0.03500    0.936    0.948    0.895    0.062    0.049    0.892    0.888    0.904    0.981    0.004   -0.019   -0.089    1.028    1.021    0.973    0.976    0.007    0.053   -0.003    0.896    0.881    1.133    0.906    0.990    0.018   -0.030   -0.096    1.053    0.966    0.972    0.973
 0.03600    0.934    0.946    0.892    0.064    0.050    0.888    0.885    0.901    0.980    0.003   -0.019   -0.092    1.044    1.033    0.972    0.978    0.012    0.066   -0.007    0.893    0.878    1.140    0.903    0.990    0.019   -0.031   -0.099    1.044    0.970    0.974    0.974
 0.03700    0.932    0.945    0.890    0.065    0.050    0.885    0.883    0.898    0.980    0.004   -0.019   -0.095    1.045    1.033    0.973    0.977    0.013    0.065   -0.004    0.890    0.875    1.147    0.901    0.990    0.019   -0.032   -0.103    1.038    0.973    0.975    0.976
 0.03800    0.931    0.945    0.887    0.068    0.052    0.883    0.880    0.896    0.979    0.004   -0.020   -0.097    1.051    1.047    0.976    0.976    0.004    0.076    0.000    0.888    0.872    1.154    0.898    0.990    0.020   -0.032   -0.106    1.029    0.965    0.973    0.974
 0.03900    0.930    0.944    0.885    0.070    0.054    0.881    0.877    0.895    0.979    0.004   -0.022   -0.097    1.060    1.043    0.978    0.974    0.017    0.070    0.005    0.886    0.869    1.162    0.896    0.990    0.021   -0.033   -0.108    1.036    0.958    0.972    0.975
 0.04000    0.928    0.942    0.883    0.071    0.054    0.878    0.874    0.892    0.978    0.005   -0.022   -0.100    1.058    1.041    0.974    0.972    0.017    0.073    0.002    0.883    0.866    1.168    0.894    0.990    0.021   -0.034   -0.111    1.041    0.960    0.972    0.973
 0.04100    0.926    0.941    0.880    0.073    0.055    0.875    0.871    0.890    0.977    0.005   -0.023   -0.102    1.057    1.036    0.967    0.972    0.022    0.075   -0.005    0.880    0.862    1.174    0.891    0.989    0.022   -0.035   -0.113    1.030    0.955    0.969    0.968
 0.04200    0.925    0.941    0.878    0.076    0.057    0.873    0.868    0.887    0.977    0.005   -0.024   -0.104    1.078    1.042    0.965    0.970    0.037    0.083   -0.005    0.878    0.860    1.180    0.889    0.990    0.023   -0.037   -0.116    1.039    0.956    0.970    0.973
 0.04300    0.924    0.940    0.876    0.076    0.059    0.870    0.866    0.887    0.977    0.006   -0.026   -0.105    1.087    1.028    0.968    0.974    0.061    0.064   -0.006    0.876    0.857    1.186    0.888    0.990    0.023   -0.039   -0.118    1.055    0.958    0.973    0.973
 0.04400    0.923    0.939    0.874    0.078    0.059    0.869    0.864    0.884    0.977    0.006   -0.026   -0.108    1.079    1.022    0.968    0.973    0.058    0.059   -0.005    0.874    0.854    1.192    0.886    0.990    0.024   -0.040   -0.120    1.074    0.965    0.972    0.973
 0.04500    0.921    0.938    0.871    0.081    0.061    0.865    0.860    0.882    0.976    0.007   -0.027   -0.109    1.080    1.035    0.970    0.972    0.046    0.071   -0.002    0.871    0.851    1.197    0.884    0.990    0.025   -0.041   -0.122    1.073    0.969    0.972    0.973
 0.04600    0.920    0.938    0.869    0.082    0.061    0.863    0.858    0.881    0.976    0.007   -0.029   -0.111    1.051    1.036    0.976    0.970    0.015    0.064    0.007    0.869    0.849    1.202    0.883    0.990    0.025   -0.043   -0.124    1.076    0.963    0.970    0.972
 0.04700    0.918    0.936    0.867    0.083    0.063    0.861    0.855    0.879    0.975    0.008   -0.030   -0.112    1.051    1.038    0.978    0.967    0.013    0.065    0.013    0.866    0.845    1.206    0.882    0.990    0.026   -0.046   -0.126    1.076    0.952    0.966    0.967
 0.04800    0.917    0.935    0.864    0.086    0.064    0.858    0.852    0.877    0.974    0.008   -0.032   -0.114    1.044    1.045    0.973    0.967   -0.001    0.077    0.007    0.863    0.842    1.210    0.880    0.989    0.027   -0.047   -0.128    1.068    0.954    0.967    0.971
 0.04900    0.916    0.935    0.863    0.087    0.065    0.856    0.849    0.875    0.974    0.008   -0.032   -0.116    1.043    1.060    0.965    0.969   -0.017    0.101   -0.004    0.861    0.840    1.214    0.879    0.990    0.028   -0.050   -0.130    1.055    0.949    0.970    0.971
 0.05000    0.914    0.933    0.860    0.089    0.066    0.854    0.847    0.873    0.973    0.009   -0.034   -0.118    1.043    1.056    0.962    0.969   -0.013    0.101   -0.008    0.859    0.837    1.217    0.877    0.990    0.028   -0.052   -0.131    1.047    0.954    0.969    0.972
 0.05100    0.912    0.933    0.858    0.091    0.067    0.851    0.844    0.871    0.973    0.009   -0.035   -0.119    1.052    1.056    0.963    0.968   -0.004    0.101   -0.006    0.857    0.834    1.220    0.875    0.990    0.029   -0.053   -0.133    1.047    0.950    0.969    0.971
 0.05200    0.912    0.932    0.855    0.093    0.069    0.849    0.841    0.870    0.972    0.010   -0.036   -0.121    1.064    1.053    0.966    0.966    0.012    0.093    0.000    0.854    0.831    1.223    0.875    0.990    0.030   -0.056   -0.134    1.041    0.958    0.966    0.971
 0.05300    0.909    0.931    0.853    0.095    0.069    0.846    0.838    0.868    0.971    0.011   -0.038   -0.122    1.061    1.047    0.965    0.966    0.015    0.088   -0.001    0.852    0.828    1.225    0.874    0.989    0.031   -0.058   -0.135    1.049    0.962    0.965    0.969
 0.05400    0.908    0.930    0.851    0.096    0.070    0.844    0.836    0.866    0.971    0.011   -0.039   -0.124    1.063    1.040    0.974    0.963    0.024    0.071    0.013    0.849    0.825    1.228    0.873    0.989    0.031   -0.061   -0.136    1.055    0.959    0.965    0.969
 0.05500    0.906    0.930    0.849    0.099    0.071    0.842    0.833    0.864    0.970    0.011   -0.040   -0.126    1.066    1.032    0.978    0.962    0.035    0.059    0.017    0.847    0.822    1.230    0.871    0.989    0.032   -0.063   -0.138    1.063    0.955    0.965    0.969
 0.05600    0.906    0.929    0.847    0.101    0.074    0.840    0.830    0.863    0.970    0.012   -0.042   -0.127    1.077    1.040    0.970    0.965    0.038    0.075    0.005    0.845    0.820    1.232    0.871    0.990    0.033   -0.067   -0.138    1.068    0.952    0.967    0.969
 0.05700    0.904    0.928    0.844    0.103    0.075    0.837    0.828    0.861    0.970    0.013   -0.043   -0.129    1.092    1.039    0.968    0.965    0.054    0.077    0.003    0.842    0.817    1.234    0.870    0.990    0.033   -0.069   -0.140    1.104    0.945    0.969    0.969
 0.05800    0.903    0.928    0.842    0.106    0.076    0.835    0.825    0.860    0.969    0.013   -0.045   -0.130    1.090    1.043    0.961    0.965    0.047    0.089   -0.005    0.841    0.814    1.235    0.870    0.990    0.035   -0.072   -0.140    1.103    0.948    0.967    0.972
 0.05900    0.901    0.928    0.841    0.107    0.076    0.833    0.823    0.859    0.969    0.014   -0.047   -0.131    1.088    1.062    0.959    0.964    0.027    0.111   -0.006    0.838    0.812    1.237    0.869    0.990    0.035   -0.075   -0.141    1.106    0.950    0.965    0.970
 0.06000    0.900    0.926    0.838    0.108    0.077    0.831    0.820    0.857    0.968    0.014   -0.048   -0.132    1.067    1.059    0.963    0.962    0.008    0.103    0.001    0.836    0.809    1.238    0.869    0.989    0.036   -0.078   -0.141    1.093    0.951    0.963    0.967
 0.06100    0.899    0.926    0.836    0.111    0.078    0.829    0.817    0.855    0.968    0.015   -0.049   -0.134    1.060    1.063    0.964    0.959   -0.003    0.106    0.005    0.834    0.806    1.240    0.868    0.990    0.037   -0.081   -0.142    1.085    0.959    0.964    0.969
 0.06200    0.897    0.925    0.833    0.113    0.080    0.827    0.814    0.852    0.967    0.016   -0.050   -0.137    1.061    1.059    0.966    0.957    0.002    0.100    0.010    0.831    0.803    1.240    0.868    0.989    0.038   -0.084   -0.142    1.063    0.958    0.962    0.968
 0.06300    0.895    0.924    0.832    0.114    0.080    0.825    0.812    0.852    0.967    0.017   -0.053   -0.137    1.061    1.059    0.975    0.961    0.003    0.089    0.016    0.829    0.800    1.242    0.867    0.989    0.038   -0.088   -0.143    1.054    0.953    0.967    0.967
 0.06400    0.894    0.924    0.829    0.117    0.082    0.822    0.809    0.850    0.966    0.017   -0.053   -0.139    1.044    1.055    0.973    0.959   -0.011    0.087    0.016    0.827    0.798    1.243    0.867    0.989    0.039   -0.091   -0.143    1.059    0.945    0.965    0.968
 0.06500    0.894    0.923    0.828    0.119    0.083    0.820    0.807    0.849    0.966    0.017   -0.055   -0.140    1.045    1.051    0.969    0.958   -0.007    0.089    0.012    0.825    0.795    1.244    0.867    0.989    0.040   -0.094   -0.143    1.065    0.943    0.963    0.969
 0.06600    0.892    0.922    0.825    0.120    0.084    0.818    0.804    0.847    0.965    0.019   -0.056   -0.142    1.059    1.044    0.960    0.957    0.015    0.091    0.004    0.823    0.792    1.245    0.867    0.989    0.040   -0.098   -0.143    1.069    0.940    0.962    0.967
 0.06700    0.890    0.921    0.823    0.122    0.085    0.816    0.802    0.845    0.964    0.019   -0.058   -0.143    1.059    1.048    0.957    0.956    0.012    0.098    0.001    0.820    0.790    1.245    0.866    0.989    0.041   -0.101   -0.143    1.087    0.942    0.961    0.967
 0.06800    0.888    0.920    0.821    0.123    0.086    0.814    0.799    0.844    0.964    0.020   -0.060   -0.144    1.061    1.047    0.958    0.956    0.015    0.096    0.003    0.818    0.787    1.246    0.866    0.988    0.042   -0.104   -0.143    1.099    0.947    0.962    0.966
 0.06900    0.888    0.920    0.819    0.126    0.087    0.812    0.797    0.843    0.964    0.021   -0.061   -0.146    1.062    1.063    0.959    0.954   -0.002    0.112    0.006    0.816    0.785    1.247    0.867    0.989    0.043   -0.108   -0.143    1.127    0.955    0.963    0.967
 0.07000    0.886    0.919    0.817    0.128    0.088    0.810    0.794    0.841    0.963    0.021   -0.062   -0.147    1.073    1.081    0.964    0.956   -0.008    0.124    0.010    0.814    0.782    1.248    0.867    0.988    0.044   -0.112   -0.142    1.128    0.957    0.965    0.966
 0.07100    0.885    0.919    0.815    0.130    0.089    0.808    0.792    0.839    0.962    0.022   -0.063   -0.149    1.073    1.081    0.973    0.954   -0.008    0.114    0.022    0.812    0.779    1.249    0.866    0.988    0.045   -0.114   -0.143    1.121    0.953    0.963    0.969
 0.07200    0.883    0.919    0.813    0.132    0.090    0.806    0.789    0.838    0.962    0.023   -0.066   -0.149    1.092    1.087    0.971    0.953    0.005    0.123    0.021    0.810    0.777    1.249    0.867    0.988    0.045   -0.119   -0.142    1.121    0.948    0.960    0.967
 0.07300    0.882    0.917    0.811    0.133    0.091    0.804    0.786    0.835    0.961    0.024   -0.066   -0.152    1.090    1.087    0.965    0.957    0.003    0.129    0.009    0.807    0.774    1.249    0.866    0.987    0.046   -0.122   -0.143    1.108    0.939    0.960    0.965
 0.07400    0.881    0.917    0.809    0.136    0.093    0.802    0.784    0.834    0.960    0.024   -0.067   -0.153    1.090    1.080    0.965    0.956    0.009    0.123    0.011    0.805    0.771    1.249    0.866    0.987    0.047   -0.126   -0.142    1.110    0.937    0.958    0.963
 0.07500    0.879    0.916    0.807    0.138    0.093    0.800    0.781    0.832    0.959    0.025   -0.068   -0.155    1.090    1.076    0.957    0.955    0.014    0.127    0.002    0.803    0.769    1.250    0.866    0.987    0.048   -0.129   -0.142    1.082    0.939    0.959    0.965
 0.07600    0.878    0.916    0.805    0.140    0.094    0.798    0.779    0.831    0.959    0.026   -0.070   -0.156    1.090    1.076    0.955    0.949    0.014    0.130    0.006    0.801    0.766    1.250    0.866    0.987    0.049   -0.133   -0.142    1.080    0.941    0.960    0.964
 0.07700    0.877    0.915    0.803    0.142    0.096    0.796    0.776    0.828    0.958    0.027   -0.071   -0.157    1.084    1.060    0.956    0.951    0.025    0.111    0.006    0.799    0.763    1.250    0.866    0.986    0.050   -0.138   -0.140    1.084    0.944    0.961    0.968
 0.07800    0.876    0.914    0.801    0.144    0.097    0.794    0.774    0.827    0.957    0.028   -0.072   -0.159    1.085    1.065    0.961    0.949    0.020    0.112    0.013    0.797    0.761    1.251    0.866    0.986    0.051   -0.141   -0.140    1.098    0.953    0.959    0.965
 0.07900    0.875    0.914    0.799    0.146    0.098    0.792    0.772    0.826    0.957    0.029   -0.073   -0.160    1.067    1.064    0.970    0.949    0.004    0.101    0.024    0.796    0.759    1.251    0.867    0.986    0.052   -0.145   -0.139    1.114    0.949    0.958    0.964
 0.08000    0.873    0.913    0.797    0.148    0.099    0.790    0.769    0.824    0.956    0.029   -0.075   -0.161    1.067    1.079    0.970    0.949   -0.013    0.116    0.024    0.793    0.756    1.251    0.867    0.985    0.052   -0.149   -0.139    1.122    0.944    0.956    0.961
 0.08100    0.872    0.912    0.795    0.149    0.101    0.788    0.766    0.821    0.954    0.030   -0.075   -0.163    1.076    1.089    0.971    0.953   -0.012    0.124    0.021    0.791    0.753    1.250    0.866    0.985    0.053   -0.152   -0.139    1.121    0.935    0.957    0.961
 0.08200    0.871    0.911    0.793    0.151    0.102    0.787    0.764    0.820    0.954    0.032   -0.077   -0.164    1.073    1.102    0.963    0.954   -0.029    0.145    0.011    0.789    0.751    1.251    0.867    0.984    0.054   -0.156   -0.138    1.143    0.934    0.959    0.961
 0.08300    0.869    0.912    0.791    0.154    0.102    0.785    0.762    0.818    0.953    0.032   -0.077   -0.166    1.072    1.105    0.955    0.949   -0.033    0.158    0.007    0.787    0.748    1.250    0.867    0.984    0.055   -0.161   -0.137    1.137    0.932    0.957    0.966
 0.08400    0.868    0.909    0.788    0.155    0.105    0.783    0.759    0.816    0.952    0.034   -0.079   -0.167    1.076    1.107    0.950    0.948   -0.030    0.166    0.002    0.785    0.746    1.250    0.867    0.983    0.056   -0.164   -0.136    1.135    0.936    0.958    0.962
 0.08500    0.867    0.909    0.786    0.157    0.106    0.781    0.757    0.814    0.951    0.034   -0.079   -0.169    1.080    1.101    0.948    0.948   -0.021    0.162    0.001    0.783    0.743    1.249    0.867    0.983    0.058   -0.169   -0.136    1.139    0.940    0.956    0.962
 0.08600    0.866    0.909    0.785    0.160    0.106    0.779    0.755    0.813    0.951    0.035   -0.081   -0.170    1.089    1.100    0.953    0.949   -0.012    0.157    0.004    0.782    0.741    1.250    0.868    0.983    0.058   -0.172   -0.135    1.119    0.949    0.955    0.961
 0.08700    0.865    0.907    0.783    0.160    0.108    0.777    0.752    0.811    0.950    0.036   -0.082   -0.172    1.094    1.101    0.958    0.948   -0.007    0.151    0.012    0.780    0.738    1.249    0.868    0.983    0.059   -0.176   -0.134    1.110    0.944    0.954    0.959
 0.08800    0.863    0.907    0.781    0.163    0.109    0.776    0.750    0.809    0.949    0.037   -0.083   -0.173    1.109    1.082    0.967    0.954    0.026    0.122    0.015    0.778    0.736    1.249    0.869    0.982    0.060   -0.180   -0.133    1.108    0.944    0.955    0.959
 0.08900    0.862    0.906    0.779    0.165    0.111    0.774    0.747    0.808    0.948    0.038   -0.085   -0.174    1.115    1.080    0.967    0.953    0.035    0.120    0.016    0.776    0.733    1.248    0.870    0.982    0.061   -0.185   -0.132    1.119    0.936    0.957    0.962
 0.09000    0.861    0.906    0.776    0.167    0.112    0.772    0.744    0.806    0.947    0.039   -0.086   -0.175    1.113    1.081    0.967    0.950    0.032    0.120    0.019    0.774    0.731    1.247    0.869    0.981    0.062   -0.188   -0.132    1.120    0.930    0.954    0.961
 0.09100    0.860    0.905    0.775    0.169    0.113    0.770    0.742    0.804    0.946    0.040   -0.087   -0.177    1.116    1.086    0.961    0.948    0.029    0.133    0.015    0.772    0.728    1.247    0.870    0.981    0.063   -0.193   -0.130    1.132    0.928    0.955    0.959
 0.09200    0.858    0.904    0.772    0.171    0.115    0.768    0.740    0.803    0.945    0.041   -0.088   -0.178    1.117    1.097    0.960    0.948    0.020    0.145    0.013    0.770    0.726    1.246    0.871    0.981    0.064   -0.197   -0.129    1.135    0.930    0.952    0.957
 0.09300    0.857    0.905    0.770    0.174    0.116    0.766    0.737    0.801    0.945    0.041   -0.090   -0.179    1.108    1.114    0.959    0.948   -0.005    0.163    0.013    0.768    0.723    1.246    0.871    0.980    0.065   -0.202   -0.128    1.141    0.934    0.951    0.956
 0.09400    0.856    0.903    0.768    0.175    0.117    0.764    0.735    0.798    0.943    0.042   -0.090   -0.181    1.094    1.113    0.956    0.949   -0.018    0.165    0.008    0.766    0.721    1.244    0.871    0.980    0.066   -0.206   -0.127    1.162    0.941    0.951    0.957
 0.09500    0.855    0.902    0.767    0.176    0.119    0.763    0.733    0.797    0.943    0.043   -0.091   -0.183    1.086    1.112    0.957    0.951   -0.026    0.163    0.008    0.764    0.718    1.244    0.872    0.979    0.067   -0.210   -0.126    1.164    0.941    0.953    0.958
 0.09600    0.854    0.901    0.765    0.179    0.119    0.760    0.730    0.796    0.942    0.044   -0.093   -0.183    1.087    1.120    0.964    0.953   -0.032    0.162    0.013    0.762    0.716    1.243    0.873    0.979    0.068   -0.215   -0.124    1.163    0.941    0.953    0.958
 0.09700    0.853    0.901    0.763    0.181    0.121    0.759    0.728    0.793    0.941    0.045   -0.093   -0.185    1.098    1.112    0.959    0.952   -0.013    0.161    0.007    0.761    0.714    1.242    0.873    0.978    0.069   -0.219   -0.124    1.143    0.934    0.953    0.957
 0.09800    0.852    0.899    0.760    0.182    0.124    0.757    0.725    0.792    0.940    0.046   -0.095   -0.186    1.091    1.112    0.960    0.952   -0.021    0.160    0.009    0.759    0.711    1.241    0.874    0.978    0.070   -0.224   -0.122    1.145    0.929    0.951    0.956
 0.09900    0.851    0.899    0.758    0.185    0.125    0.755    0.723    0.790    0.939    0.047   -0.095   -0.188    1.092    1.103    0.963    0.946   -0.011    0.147    0.019    0.757    0.709    1.240    0.874    0.978    0.071   -0.228   -0.121    1.151    0.926    0.948    0.954
 0.10000    0.849    0.898    0.756    0.187    0.125    0.754    0.721    0.789    0.938    0.048   -0.098   -0.188    1.092    1.099    0.954    0.946   -0.007    0.153    0.010    0.755    0.706    1.239    0.875    0.977    0.072   -0.232   -0.120    1.141    0.927    0.947    0.954
 0.10200    0.847    0.896    0.753    0.190    0.128    0.750    0.716    0.785    0.936    0.050   -0.100   -0.191    1.104    1.100    0.960    0.948    0.004    0.147    0.014    0.751    0.702    1.237    0.876    0.976    0.074   -0.241   -0.117    1.147    0.934    0.950    0.954
 0.10404    0.845    0.896    0.749    0.194    0.130    0.747    0.712    0.782    0.935    0.052   -0.102   -0.194    1.125    1.127    0.958    0.951   -0.002    0.176    0.007    0.748    0.697    1.235    0.878    0.976    0.076   -0.250   -0.115    1.156    0.936    0.950    0.953
 0.10612    0.843    0.893    0.744    0.198    0.135    0.743    0.707    0.778    0.933    0.054   -0.104   -0.196    1.130    1.135    0.961    0.949   -0.004    0.180    0.014    0.744    0.692    1.233    0.879    0.975    0.078   -0.259   -0.112    1.165    0.934    0.946    0.950
 0.10824    0.840    0.892    0.740    0.203    0.138    0.739    0.702    0.775    0.930    0.056   -0.107   -0.199    1.108    1.135    0.962    0.944   -0.026    0.180    0.020    0.740    0.687    1.229    0.881    0.973    0.079   -0.269   -0.109    1.186    0.925    0.944    0.949
 0.11041    0.838    0.890    0.736    0.207    0.142    0.736    0.697    0.772    0.928    0.058   -0.111   -0.200    1.102    1.155    0.964    0.946   -0.051    0.197    0.020    0.736    0.682    1.227    0.883    0.973    0.082   -0.279   -0.105    1.185    0.929    0.945    0.949
 0.11262    0.835    0.887    0.731    0.210    0.144    0.732    0.692    0.768    0.925    0.061   -0.113   -0.203    1.110    1.159    0.965    0.948   -0.047    0.199    0.020    0.732    0.677    1.223    0.884    0.971    0.085   -0.289   -0.102    1.174    0.932    0.944    0.946
 0.11487    0.833    0.886    0.727    0.215    0.147    0.728    0.687    0.765    0.923    0.063   -0.116   -0.204    1.097    1.154    0.978    0.942   -0.055    0.180    0.040    0.728    0.672    1.221    0.886    0.970    0.087   -0.300   -0.098    1.175    0.929    0.942    0.947
 0.11717    0.830    0.884    0.723    0.218    0.150    0.725    0.682    0.761    0.920    0.066   -0.119   -0.205    1.113    1.171    0.973    0.946   -0.055    0.201    0.030    0.724    0.667    1.217    0.889    0.969    0.089   -0.311   -0.094    1.180    0.922    0.942    0.946
 0.11951    0.828    0.882    0.719    0.223    0.154    0.721    0.677    0.758    0.917    0.069   -0.123   -0.206    1.132    1.171    0.971    0.948   -0.037    0.203    0.026    0.720    0.662    1.213    0.890    0.968    0.091   -0.322   -0.090    1.210    0.923    0.942    0.943
 0.12190    0.825    0.880    0.714    0.227    0.158    0.717    0.672    0.754    0.914    0.072   -0.126   -0.208    1.129    1.215    0.980    0.939   -0.080    0.233    0.047    0.716    0.657    1.210    0.892    0.967    0.093   -0.332   -0.088    1.221    0.928    0.939    0.943
 0.12434    0.823    0.878    0.709    0.232    0.161    0.714    0.666    0.751    0.910    0.075   -0.130   -0.209    1.109    1.215    0.983    0.943   -0.100    0.230    0.046    0.712    0.652    1.205    0.894    0.965    0.095   -0.343   -0.083    1.216    0.920    0.938    0.943
 0.12682    0.820    0.876    0.704    0.238    0.167    0.710    0.661    0.747    0.906    0.079   -0.134   -0.210    1.110    1.207    0.974    0.945   -0.092    0.233    0.033    0.708    0.647    1.201    0.897    0.964    0.098   -0.355   -0.078    1.205    0.923    0.940    0.941
 0.12936    0.817    0.874    0.699    0.243    0.170    0.707    0.655    0.743    0.902    0.082   -0.137   -0.210    1.116    1.205    0.976    0.935   -0.084    0.229    0.046    0.703    0.641    1.197    0.899    0.962    0.100   -0.367   -0.073    1.203    0.926    0.935    0.944
 0.13195    0.814    0.871    0.694    0.247    0.174    0.703    0.650    0.739    0.898    0.086   -0.140   -0.210    1.113    1.204    0.984    0.937   -0.086    0.219    0.053    0.699    0.636    1.192    0.901    0.960    0.103   -0.379   -0.069    1.238    0.925    0.935    0.939
 0.13459    0.812    0.868    0.689    0.251    0.178    0.700    0.644    0.736    0.893    0.090   -0.145   -0.209    1.140    1.261    0.975    0.938   -0.110    0.279    0.042    0.694    0.631    1.187    0.904    0.958    0.104   -0.392   -0.063    1.256    0.918    0.937    0.939
 0.13728    0.809    0.868    0.684    0.259    0.183    0.696    0.639    0.732    0.887    0.094   -0.148   -0.209    1.147    1.273    0.973    0.930   -0.113    0.291    0.049    0.690    0.625    1.182    0.907    0.956    0.108   -0.404   -0.058    1.252    0.927    0.930    0.940
 0.14002    0.806    0.864    0.678    0.263    0.188    0.694    0.633    0.728    0.882    0.099   -0.152   -0.208    1.136    1.239    0.997    0.934   -0.094    0.236    0.071    0.686    0.620    1.177    0.910    0.954    0.110   -0.417   -0.052    1.236    0.930    0.934    0.937
 0.14282    0.803    0.862    0.673    0.269    0.192    0.690    0.627    0.725    0.875    0.103   -0.157   -0.204    1.138    1.239    0.986    0.931   -0.092    0.248    0.062    0.681    0.614    1.171    0.914    0.952    0.112   -0.431   -0.045    1.243    0.920    0.932    0.939
 0.14568    0.801    0.859    0.667    0.274    0.198    0.687    0.622    0.721    0.868    0.108   -0.161   -0.201    1.138    1.272    0.981    0.925   -0.121    0.282    0.064    0.677    0.609    1.165    0.917    0.950    0.115   -0.444   -0.039    1.287    0.929    0.929    0.938
 0.14859    0.798    0.856    0.662    0.279    0.202    0.683    0.616    0.718    0.860    0.112   -0.166   -0.196    1.159    1.324    0.990    0.929   -0.145    0.316    0.068    0.673    0.603    1.159    0.920    0.948    0.118   -0.459   -0.032    1.293    0.933    0.934    0.940
 0.15157    0.796    0.854    0.656    0.286    0.209    0.680    0.610    0.714    0.852    0.117   -0.170   -0.193    1.180    1.326    0.988    0.925   -0.127    0.319    0.071    0.668    0.598    1.153    0.924    0.946    0.121   -0.473   -0.025    1.272    0.918    0.928    0.934
 0.15460    0.792    0.852    0.651    0.293    0.214    0.675    0.604    0.710    0.844    0.121   -0.175   -0.188    1.182    1.288    0.987    0.918   -0.093    0.289    0.079    0.664    0.592    1.146    0.928    0.943    0.124   -0.488   -0.018    1.266    0.932    0.930    0.938
 0.15769    0.790    0.849    0.645    0.298    0.220    0.672    0.598    0.706    0.835    0.126   -0.180   -0.182    1.172    1.299    0.989    0.919   -0.112    0.297    0.079    0.659    0.587    1.139    0.933    0.941    0.126   -0.504   -0.009    1.314    0.933    0.928    0.933
 0.16084    0.788    0.846    0.639    0.304    0.227    0.667    0.592    0.702    0.826    0.130   -0.185   -0.176    1.168    1.379    0.989    0.913   -0.180    0.360    0.088    0.655    0.581    1.132    0.937    0.938    0.130   -0.519   -0.001    1.333    0.926    0.925    0.934
 0.16406    0.784    0.843    0.633    0.312    0.232    0.664    0.586    0.698    0.816    0.135   -0.190   -0.170    1.207    1.394    0.991    0.913   -0.156    0.371    0.089    0.651    0.576    1.125    0.943    0.935    0.133   -0.535    0.009    1.302    0.941    0.927    0.935
 0.16734    0.782    0.840    0.627    0.317    0.238    0.659    0.580    0.695    0.807    0.139   -0.196   -0.163    1.253    1.322    0.996    0.909   -0.058    0.308    0.099    0.646    0.570    1.117    0.949    0.932    0.136   -0.553    0.020    1.302    0.937    0.923    0.932
 0.17069    0.780    0.837    0.621    0.325    0.248    0.654    0.574    0.691    0.797    0.142   -0.201   -0.155    1.259    1.339    0.989    0.906   -0.067    0.329    0.095    0.642    0.564    1.108    0.955    0.928    0.140   -0.572    0.032    1.354    0.933    0.923    0.933
 0.17410    0.776    0.834    0.615    0.331    0.252    0.650    0.568    0.687    0.788    0.146   -0.207   -0.148    1.204    1.447    0.998    0.904   -0.199    0.404    0.107    0.638    0.559    1.100    0.962    0.924    0.144   -0.590    0.044    1.363    0.944    0.920    0.931
 0.17758    0.774    0.831    0.609    0.338    0.260    0.645    0.562    0.684    0.779    0.149   -0.213   -0.142    1.197    1.404    1.002    0.904   -0.173    0.367    0.112    0.634    0.553    1.091    0.970    0.920    0.148   -0.610    0.058    1.339    0.934    0.920    0.931
 0.18114    0.771    0.828    0.603    0.345    0.268    0.640    0.556    0.680    0.771    0.153   -0.219   -0.136    1.243    1.400    0.998    0.899   -0.129    0.367    0.114    0.630    0.547    1.082    0.978    0.915    0.153   -0.631    0.073    1.355    0.951    0.917    0.931
 0.18476    0.767    0.824    0.596    0.351    0.273    0.634    0.550    0.677    0.763    0.154   -0.227   -0.129    1.280    1.498    0.999    0.902   -0.172    0.440    0.111    0.627    0.541    1.073    0.987    0.909    0.159   -0.652    0.089    1.396    0.948    0.918    0.929
 0.18845    0.764    0.821    0.591    0.357    0.280    0.628    0.544    0.673    0.755    0.157   -0.232   -0.124    1.278    1.471    0.994    0.894   -0.153    0.426    0.115    0.623    0.535    1.064    0.996    0.903    0.165   -0.674    0.107    1.362    0.941    0.914    0.930
 0.19222    0.763    0.817    0.584    0.364    0.290    0.623    0.537    0.670    0.747    0.160   -0.239   -0.118    1.245    1.416    1.008    0.898   -0.140    0.370    0.125    0.620    0.529    1.055    1.008    0.897    0.172   -0.700    0.126    1.387    0.949    0.914    0.927
 0.19607    0.759    0.812    0.578    0.369    0.296    0.617    0.531    0.667    0.740    0.162   -0.247   -0.113    1.243    1.453    0.999    0.895   -0.170    0.407    0.119    0.616    0.522    1.045    1.018    0.889    0.179   -0.725    0.147    1.452    0.942    0.910    0.927
 0.19999    0.756    0.809    0.571    0.377    0.303    0.610    0.525    0.663    0.731    0.164   -0.254   -0.106    1.265    1.489    1.001    0.891   -0.177    0.431    0.126    0.612    0.515    1.035    1.029    0.881    0.187   -0.751    0.169    1.415    0.959    0.909    0.926
 0.20399    0.753    0.805    0.566    0.382    0.310    0.604    0.519    0.660    0.724    0.165   -0.262   -0.100    1.319    1.444    0.997    0.887   -0.098    0.402    0.127    0.608    0.508    1.025    1.041    0.873    0.195   -0.779    0.192    1.434    0.951    0.907    0.924
 0.20807    0.751    0.801    0.560    0.389    0.319    0.597    0.512    0.656    0.716    0.167   -0.269   -0.095    1.301    1.466    0.993    0.892   -0.130    0.423    0.117    0.604    0.501    1.016    1.053    0.863    0.203   -0.807    0.216    1.502    0.959    0.907    0.925
 0.21223    0.747    0.796    0.554    0.394    0.325    0.591    0.506    0.652    0.709    0.169   -0.275   -0.091    1.259    1.559    1.003    0.879   -0.232    0.479    0.143    0.600    0.494    1.005    1.066    0.854    0.211   -0.836    0.241    1.484    0.947    0.901    0.924
 0.21647    0.745    0.791    0.548    0.399    0.334    0.584    0.499    0.648    0.702    0.172   -0.284   -0.087    1.277    1.501    0.997    0.888   -0.176    0.444    0.126    0.595    0.487    0.995    1.079    0.844    0.218   -0.865    0.268    1.477    0.957    0.903    0.921
 0.22080    0.741    0.787    0.542    0.405    0.340    0.577    0.492    0.644    0.696    0.173   -0.292   -0.085    1.332    1.551    1.002    0.872   -0.165    0.474    0.151    0.590    0.480    0.985    1.093    0.833    0.224   -0.894    0.295    1.542    0.956    0.894    0.920
 0.22522    0.739    0.782    0.536    0.411    0.349    0.570    0.485    0.640    0.691    0.175   -0.302   -0.083    1.317    1.629    0.996    0.884   -0.230    0.534    0.130    0.585    0.473    0.974    1.108    0.823    0.230   -0.924    0.323    1.532    0.956    0.898    0.920
 0.22972    0.736    0.778    0.530    0.417    0.358    0.563    0.478    0.636    0.686    0.178   -0.311   -0.082    1.293    1.597    1.001    0.868   -0.229    0.507    0.155    0.580    0.467    0.963    1.122    0.812    0.235   -0.951    0.351    1.525    0.959    0.891    0.919
 0.23432    0.734    0.773    0.524    0.422    0.365    0.556    0.471    0.634    0.682    0.181   -0.323   -0.079    1.291    1.601    0.995    0.877   -0.234    0.516    0.138    0.575    0.461    0.952    1.137    0.802    0.240   -0.981    0.379    1.562    0.962    0.893    0.915
 0.23901    0.731    0.767    0.518    0.426    0.374    0.548    0.463    0.630    0.677    0.183   -0.333   -0.079    1.367    1.716    1.001    0.870   -0.247    0.586    0.152    0.569    0.455    0.941    1.153    0.792    0.244   -1.010    0.408    1.547    0.963    0.889    0.916
 0.24379    0.728    0.763    0.513    0.431    0.380    0.541    0.456    0.627    0.673    0.187   -0.346   -0.077    1.351    1.662    0.996    0.865   -0.225    0.556    0.153    0.564    0.449    0.930    1.168    0.782    0.248   -1.038    0.435    1.565    0.962    0.882    0.914
 0.24866    0.725    0.758    0.507    0.437    0.389    0.534    0.449    0.623    0.669    0.189   -0.357   -0.077    1.338    1.790    0.999    0.871   -0.316    0.633    0.149    0.558    0.443    0.918    1.178    0.773    0.251   -1.062    0.457    1.606    0.966    0.886    0.911
 0.25363    0.723    0.753    0.503    0.438    0.394    0.527    0.442    0.620    0.666    0.190   -0.366   -0.078    1.331    1.744    0.996    0.863   -0.293    0.609    0.155    0.553    0.437    0.907    1.190    0.764    0.256   -1.087    0.480    1.601    0.965    0.878    0.911
 0.25871    0.720    0.747    0.497    0.443    0.403    0.519    0.435    0.616    0.662    0.192   -0.378   -0.078    1.396    1.718    0.998    0.866   -0.225    0.590    0.154    0.548    0.431    0.896    1.201    0.755    0.259   -1.112    0.504    1.653    0.968    0.881    0.910
 0.26388    0.718    0.742    0.491    0.447    0.413    0.512    0.429    0.613    0.659    0.192   -0.386   -0.078    1.365    1.880    0.993    0.869   -0.348    0.693    0.144    0.542    0.426    0.884    1.208    0.747    0.263   -1.133    0.523    1.640    0.966    0.879    0.905
 0.26916    0.715    0.737    0.487    0.450    0.417    0.504    0.423    0.609    0.656    0.191   -0.397   -0.080    1.394    1.793    0.998    0.859   -0.273    0.636    0.163    0.537    0.420    0.872    1.219    0.739    0.268   -1.158    0.544    1.631    0.972    0.870    0.904
 0.27454    0.713    0.731    0.482    0.452    0.425    0.497    0.417    0.606    0.652    0.189   -0.406   -0.079    1.421    1.969    0.999    0.860   -0.354    0.737    0.163    0.532    0.414    0.860    1.227    0.731    0.272   -1.179    0.561    1.698    0.972    0.872    0.903
 0.28003    0.710    0.727    0.478    0.456    0.431    0.489    0.411    0.604    0.648    0.188   -0.416   -0.078    1.436    1.922    0.997    0.861   -0.317    0.713    0.159    0.526    0.409    0.848    1.234    0.725    0.274   -1.200    0.577    1.675    0.981    0.869    0.899
 0.28563    0.708    0.722    0.473    0.459    0.438    0.481    0.406    0.602    0.644    0.185   -0.428   -0.073    1.442    2.089    0.996    0.850   -0.402    0.805    0.172    0.520    0.403    0.836    1.241    0.719    0.276   -1.221    0.592    1.735    0.977    0.861    0.893
 0.29135    0.707    0.716    0.468    0.461    0.447    0.474    0.400    0.601    0.641    0.183   -0.441   -0.069    1.419    2.117    0.998    0.857   -0.435    0.816    0.165    0.513    0.398    0.824    1.248    0.714    0.277   -1.242    0.606    1.727    0.969    0.864    0.892
 0.29717    0.705    0.712    0.464    0.464    0.454    0.466    0.395    0.600    0.639    0.181   -0.454   -0.069    1.486    1.996    1.004    0.859   -0.321    0.746    0.169    0.506    0.392    0.812    1.253    0.710    0.277   -1.261    0.616    1.757    0.979    0.862    0.893
 0.30312    0.704    0.706    0.460    0.465    0.462    0.458    0.389    0.599    0.639    0.177   -0.468   -0.070    1.493    2.102    0.987    0.849   -0.372    0.821    0.164    0.499    0.387    0.799    1.258    0.707    0.277   -1.280    0.626    1.774    0.976    0.856    0.888
 0.30918    0.703    0.701    0.456    0.466    0.469    0.451    0.384    0.599    0.638    0.173   -0.482   -0.070    1.438    2.079    1.000    0.851   -0.400    0.795    0.175    0.492    0.382    0.787    1.264    0.703    0.276   -1.299    0.636    1.832    0.978    0.854    0.882
 0.31536    0.703    0.696    0.452    0.468    0.479    0.443    0.379    0.598    0.639    0.170   -0.497   -0.071    1.547    2.112    0.998    0.859   -0.338    0.814    0.163    0.485    0.377    0.774    1.269    0.700    0.275   -1.319    0.646    1.809    0.974    0.856    0.879
 0.32167    0.701    0.690    0.449    0.468    0.485    0.435    0.373    0.597    0.640    0.167   -0.511   -0.074    1.511    2.159    0.999    0.853   -0.387    0.837    0.171    0.478    0.371    0.762    1.274    0.697    0.274   -1.338    0.655    1.880    0.968    0.852    0.881
 0.32810    0.701    0.685    0.446    0.467    0.492    0.427    0.368    0.597    0.640    0.163   -0.525   -0.076    1.494    2.150    1.010    0.841   -0.395    0.820    0.198    0.470    0.366    0.749    1.278    0.694    0.271   -1.357    0.664    1.839    0.980    0.846    0.878
 0.33467    0.700    0.680    0.442    0.466    0.499    0.420    0.363    0.597    0.640    0.159   -0.540   -0.077    1.491    2.222    1.014    0.849   -0.433    0.852    0.192    0.463    0.361    0.736    1.284    0.690    0.269   -1.378    0.674    1.950    0.965    0.848    0.877
 0.34136    0.698    0.674    0.440    0.463    0.502    0.412    0.357    0.597    0.642    0.154   -0.556   -0.079    1.529    2.176    1.019    0.852   -0.383    0.824    0.194    0.455    0.356    0.724    1.290    0.687    0.266   -1.397    0.684    1.889    0.958    0.849    0.874
 0.34819    0.695    0.669    0.438    0.460    0.502    0.404    0.352    0.596    0.642    0.148   -0.572   -0.081    1.508    2.210    1.029    0.849   -0.415    0.830    0.209    0.447    0.351    0.711    1.294    0.683    0.264   -1.417    0.695    2.024    0.968    0.846    0.872
 0.35515    0.693    0.664    0.435    0.459    0.506    0.397    0.347    0.597    0.644    0.146   -0.589   -0.082    1.511    2.244    1.017    0.844   -0.430    0.860    0.202    0.439    0.346    0.698    1.299    0.679    0.258   -1.436    0.703    1.951    0.959    0.842    0.868
 0.36225    0.691    0.658    0.433    0.454    0.508    0.389    0.342    0.597    0.644    0.140   -0.605   -0.083    1.514    2.287    1.039    0.856   -0.448    0.856    0.211    0.431    0.341    0.685    1.302    0.677    0.253   -1.454    0.710    2.068    0.957    0.840    0.865
 0.36950    0.693    0.653    0.431    0.451    0.515    0.381    0.336    0.596    0.643    0.135   -0.622   -0.082    1.501    2.308    1.043    0.868   -0.467    0.862    0.200    0.422    0.336    0.672    1.305    0.675    0.246   -1.472    0.716    2.031    0.961    0.844    0.859
 0.37689    0.692    0.648    0.429    0.447    0.518    0.373    0.331    0.596    0.641    0.130   -0.638   -0.079    1.542    2.276    1.048    0.871   -0.423    0.842    0.201    0.413    0.332    0.659    1.309    0.672    0.238   -1.490    0.723    2.120    0.956    0.842    0.853
 0.38442    0.691    0.643    0.427    0.443    0.522    0.365    0.326    0.594    0.637    0.124   -0.652   -0.075    1.490    2.309    1.063    0.872   -0.476    0.842    0.216    0.404    0.327    0.646    1.311    0.670    0.229   -1.507    0.729    2.132    0.969    0.841    0.851
 0.39211    0.689    0.637    0.425    0.439    0.523    0.357    0.321    0.593    0.632    0.117   -0.668   -0.069    1.511    2.307    1.056    0.867   -0.460    0.849    0.213    0.395    0.322    0.633    1.314    0.667    0.220   -1.526    0.736    2.132    0.974    0.838    0.847
 0.39996    0.690    0.631    0.424    0.432    0.528    0.350    0.316    0.592    0.626    0.111   -0.682   -0.061    1.542    2.357    1.064    0.871   -0.460    0.864    0.217    0.384    0.318    0.620    1.317    0.663    0.206   -1.544    0.744    2.181    0.971    0.840    0.844
 0.40795    0.688    0.626    0.422    0.428    0.530    0.342    0.311    0.591    0.621    0.104   -0.697   -0.054    1.554    2.375    1.082    0.873   -0.460    0.853    0.233    0.374    0.313    0.607    1.318    0.660    0.195   -1.562    0.752    2.186    0.981    0.838    0.841
 0.41611    0.689    0.620    0.421    0.422    0.536    0.334    0.306    0.589    0.616    0.094   -0.713   -0.048    1.552    2.393    1.100    0.884   -0.470    0.844    0.238    0.364    0.308    0.595    1.320    0.655    0.182   -1.579    0.760    2.204    0.997    0.839    0.836
 0.42444    0.685    0.614    0.419    0.416    0.534    0.326    0.301    0.587    0.611    0.086   -0.727   -0.043    1.507    2.381    1.088    0.881   -0.496    0.851    0.229    0.355    0.303    0.582    1.320    0.651    0.170   -1.597    0.768    2.258    0.986    0.841    0.832
 0.43292    0.684    0.608    0.417    0.411    0.539    0.318    0.296    0.585    0.608    0.080   -0.741   -0.041    1.551    2.395    1.099    0.876   -0.472    0.846    0.246    0.345    0.299    0.569    1.320    0.646    0.156   -1.613    0.776    2.265    0.986    0.838    0.826
 0.44158    0.684    0.603    0.415    0.405    0.542    0.310    0.291    0.585    0.604    0.071   -0.759   -0.035    1.539    2.383    1.128    0.877   -0.475    0.812    0.273    0.335    0.294    0.557    1.321    0.641    0.142   -1.632    0.786    2.265    0.996    0.840    0.822
 0.45042    0.681    0.597    0.412    0.402    0.545    0.303    0.286    0.585    0.600    0.062   -0.777   -0.028    1.529    2.399    1.168    0.888   -0.489    0.782    0.297    0.326    0.289    0.545    1.323    0.635    0.129   -1.650    0.798    2.286    1.015    0.846    0.820
 0.45942    0.680    0.591    0.409    0.399    0.551    0.295    0.281    0.586    0.595    0.053   -0.798   -0.017    1.521    2.433    1.139    0.887   -0.510    0.824    0.272    0.317    0.285    0.533    1.327    0.629    0.115   -1.671    0.811    2.328    1.034    0.847    0.818
 0.46861    0.682    0.586    0.407    0.396    0.560    0.287    0.276    0.586    0.589    0.042   -0.817   -0.005    1.490    2.420    1.174    0.882   -0.527    0.786    0.310    0.308    0.280    0.521    1.334    0.623    0.101   -1.693    0.827    2.334    1.025    0.845    0.819
 0.47798    0.677    0.580    0.404    0.391    0.560    0.279    0.271    0.586    0.583    0.031   -0.835    0.004    1.508    2.475    1.233    0.882   -0.538    0.756    0.364    0.299    0.276    0.509    1.345    0.618    0.087   -1.719    0.845    2.355    1.032    0.847    0.817
 0.48754    0.676    0.573    0.402    0.386    0.565    0.272    0.267    0.583    0.577    0.020   -0.849    0.012    1.432    2.478    1.239    0.882   -0.595    0.753    0.369    0.290    0.272    0.496    1.361    0.613    0.072   -1.749    0.866    2.427    1.052    0.851    0.815
 0.49729    0.673    0.568    0.400    0.382    0.567    0.264    0.262    0.580    0.571    0.007   -0.860    0.016    1.476    2.483    1.261    0.886   -0.565    0.736    0.383    0.282    0.268    0.484    1.379    0.609    0.058   -1.780    0.886    2.387    1.071    0.855    0.815
 0.50724    0.673    0.563    0.397    0.379    0.573    0.257    0.258    0.575    0.565   -0.004   -0.871    0.019    1.398    2.498    1.309    0.885   -0.631    0.702    0.424    0.273    0.264    0.471    1.396    0.606    0.038   -1.808    0.906    2.415    1.097    0.854    0.810
 0.51739    0.674    0.556    0.394    0.374    0.582    0.249    0.253    0.569    0.558   -0.017   -0.878    0.020    1.437    2.497    1.363    0.880   -0.600    0.657    0.475    0.266    0.260    0.458    1.410    0.603    0.022   -1.835    0.923    2.470    1.127    0.852    0.808
 0.52773    0.671    0.551    0.391    0.373    0.587    0.242    0.249    0.563    0.548   -0.031   -0.885    0.029    1.397    2.516    1.368    0.889   -0.638    0.661    0.468    0.258    0.257    0.446    1.419    0.599    0.004   -1.855    0.937    2.447    1.164    0.861    0.810
 0.53829    0.671    0.546    0.388    0.372    0.595    0.236    0.245    0.557    0.531   -0.043   -0.890    0.050    1.403    2.543    1.376    0.889   -0.646    0.667    0.474    0.250    0.253    0.435    1.419    0.594   -0.014   -1.871    0.946    2.480    1.192    0.860    0.810
 0.54905    0.673    0.541    0.384    0.373    0.610    0.229    0.241    0.550    0.506   -0.057   -0.894    0.089    1.361    2.581    1.439    0.889   -0.694    0.634    0.523    0.243    0.250    0.424    1.413    0.588   -0.031   -1.882    0.951    2.480    1.198    0.862    0.809
 0.56003    0.671    0.536    0.379    0.376    0.620    0.223    0.238    0.542    0.481   -0.070   -0.896    0.131    1.355    2.615    1.455    0.891   -0.713    0.636    0.532    0.235    0.246    0.414    1.401    0.583   -0.047   -1.891    0.953    2.535    1.230    0.863    0.811
 0.57124    0.669    0.531    0.375    0.378    0.629    0.217    0.234    0.534    0.460   -0.085   -0.896    0.164    1.321    2.690    1.478    0.889   -0.772    0.650    0.552    0.228    0.241    0.404    1.386    0.576   -0.061   -1.897    0.953    2.571    1.239    0.857    0.811
 0.58266    0.666    0.527    0.371    0.382    0.636    0.211    0.231    0.526    0.442   -0.098   -0.893    0.188    1.311    2.715    1.514    0.888   -0.790    0.634    0.579    0.221    0.237    0.395    1.368    0.569   -0.075   -1.902    0.953    2.566    1.265    0.861    0.810
 0.59431    0.664    0.522    0.366    0.385    0.647    0.205    0.228    0.516    0.427   -0.112   -0.889    0.206    1.268    2.789    1.574    0.881   -0.856    0.621    0.630    0.215    0.233    0.386    1.348    0.559   -0.088   -1.905    0.956    2.578    1.300    0.862    0.816
 0.60620    0.662    0.518    0.362    0.389    0.655    0.200    0.224    0.507    0.413   -0.126   -0.885    0.223    1.268    2.801    1.641    0.877   -0.861    0.580    0.681    0.209    0.229    0.377    1.326    0.545   -0.098   -1.907    0.964    2.627    1.320    0.861    0.822
 0.61832    0.658    0.513    0.357    0.394    0.664    0.194    0.221    0.496    0.400   -0.137   -0.881    0.233    1.220    2.798    1.677    0.879   -0.901    0.556    0.701    0.203    0.224    0.368    1.302    0.527   -0.107   -1.909    0.982    2.634    1.340    0.853    0.823
 0.63069    0.656    0.510    0.352    0.403    0.677    0.189    0.217    0.486    0.390   -0.148   -0.878    0.240    1.204    2.921    1.716    0.896   -0.962    0.578    0.705    0.198    0.219    0.360    1.277    0.504   -0.114   -1.912    1.009    2.671    1.370    0.865    0.821
 0.64330    0.654    0.506    0.348    0.407    0.686    0.184    0.213    0.477    0.379   -0.155   -0.878    0.251    1.179    2.886    1.767    0.906   -0.972    0.533    0.725    0.192    0.215    0.352    1.251    0.483   -0.121   -1.914    1.033    2.694    1.415    0.871    0.831
 0.65617    0.651    0.502    0.343    0.415    0.698    0.180    0.208    0.468    0.367   -0.159   -0.880    0.264    1.164    2.880    1.815    0.912   -0.984    0.502    0.747    0.187    0.210    0.344    1.225    0.465   -0.126   -1.917    1.052    2.714    1.462    0.868    0.829
 0.66929    0.651    0.498    0.338    0.421    0.711    0.176    0.204    0.460    0.357   -0.161   -0.884    0.275    1.160    2.963    1.887    0.920   -1.018    0.490    0.779    0.181    0.205    0.336    1.198    0.449   -0.130   -1.919    1.066    2.704    1.521    0.869    0.834
 0.68268    0.648    0.495    0.334    0.427    0.720    0.171    0.199    0.451    0.347   -0.159   -0.891    0.286    1.131    3.002    1.971    0.929   -1.060    0.457    0.817    0.177    0.200    0.328    1.170    0.433   -0.131   -1.921    1.079    2.768    1.575    0.875    0.842
 0.69633    0.647    0.493    0.330    0.436    0.732    0.168    0.194    0.443    0.337   -0.158   -0.899    0.297    1.146    3.055    2.073    0.927   -1.064    0.421    0.874    0.172    0.194    0.321    1.143    0.419   -0.129   -1.926    1.089    2.780    1.635    0.877    0.833
 0.71026    0.644    0.490    0.326    0.444    0.740    0.164    0.189    0.436    0.326   -0.155   -0.909    0.314    1.111    3.040    2.142    0.947   -1.093    0.380    0.886    0.168    0.188    0.313    1.115    0.407   -0.127   -1.930    1.095    2.791    1.723    0.881    0.838
 0.72446    0.642    0.488    0.321    0.454    0.752    0.160    0.184    0.429    0.314   -0.150   -0.922    0.340    1.103    3.117    2.130    0.961   -1.128    0.413    0.864    0.164    0.183    0.306    1.087    0.396   -0.120   -1.936    1.098    2.796    1.808    0.892    0.834
 0.73895    0.638    0.487    0.317    0.467    0.761    0.156    0.178    0.423    0.298   -0.145   -0.937    0.380    1.079    3.238    2.153    0.968   -1.193    0.443    0.868    0.160    0.177    0.299    1.060    0.386   -0.111   -1.944    1.098    2.794    1.853    0.891    0.835
 0.75373    0.634    0.485    0.313    0.477    0.768    0.153    0.173    0.418    0.280   -0.137   -0.955    0.433    1.078    3.326    2.192    0.980   -1.223    0.453    0.874    0.156    0.171    0.291    1.032    0.376   -0.098   -1.954    1.095    2.823    1.917    0.900    0.828
 0.76881    0.630    0.484    0.308    0.489    0.776    0.149    0.167    0.412    0.263   -0.126   -0.978    0.489    1.092    3.308    2.224    1.003   -1.204    0.431    0.864    0.152    0.164    0.285    1.004    0.367   -0.082   -1.967    1.093    2.894    1.922    0.908    0.833
 0.78418    0.629    0.486    0.305    0.507    0.787    0.146    0.162    0.408    0.252   -0.114   -1.003    0.520    1.058    3.299    2.280    1.015   -1.234    0.401    0.879    0.148    0.158    0.278    0.977    0.356   -0.068   -1.979    1.095    2.861    2.010    0.915    0.825
 0.79987    0.627    0.486    0.300    0.523    0.799    0.142    0.156    0.403    0.246   -0.100   -1.030    0.536    1.040    3.305    2.330    1.058   -1.255    0.379    0.858    0.144    0.152    0.272    0.950    0.343   -0.053   -1.993    1.104    2.829    2.060    0.923    0.823
 0.81586    0.624    0.485    0.296    0.536    0.810    0.139    0.150    0.398    0.243   -0.084   -1.061    0.536    1.017    3.309    2.320    1.100   -1.281    0.385    0.811    0.140    0.145    0.265    0.922    0.328   -0.038   -2.006    1.124    2.830    2.104    0.937    0.826
 0.83218    0.621    0.483    0.292    0.546    0.818    0.136    0.144    0.394    0.242   -0.068   -1.090    0.530    1.004    3.451    2.341    1.115   -1.341    0.421    0.806    0.137    0.140    0.259    0.896    0.309   -0.024   -2.017    1.156    2.849    2.123    0.946    0.821
 0.84883    0.619    0.481    0.288    0.557    0.830    0.132    0.139    0.390    0.241   -0.051   -1.124    0.525    1.002    3.416    2.383    1.181   -1.331    0.391    0.762    0.133    0.134    0.253    0.869    0.290   -0.009   -2.031    1.192    2.837    2.163    0.972    0.830
 0.86580    0.616    0.480    0.284    0.568    0.839    0.129    0.133    0.388    0.239   -0.032   -1.161    0.526    0.976    3.378    2.391    1.207   -1.348    0.375    0.742    0.129    0.128    0.247    0.843    0.275    0.006   -2.044    1.216    2.825    2.207    0.993    0.822
 0.88312    0.611    0.479    0.280    0.582    0.846    0.126    0.128    0.387    0.236   -0.014   -1.201    0.535    0.969    3.400    2.393    1.229   -1.363    0.381    0.723    0.125    0.123    0.241    0.817    0.265    0.020   -2.056    1.223    2.812    2.218    1.008    0.831
 0.90078    0.606    0.477    0.276    0.592    0.852    0.123    0.123    0.387    0.236    0.003   -1.246    0.537    0.963    3.469    2.405    1.289   -1.392    0.398    0.677    0.122    0.118    0.236    0.791    0.258    0.034   -2.066    1.216    2.828    2.264    1.045    0.845
 0.91880    0.603    0.476    0.272    0.606    0.862    0.120    0.118    0.389    0.237    0.019   -1.295    0.540    0.964    3.458    2.454    1.315   -1.387    0.372    0.677    0.118    0.113    0.231    0.765    0.253    0.048   -2.074    1.199    2.804    2.293    1.073    0.852
 0.93717    0.600    0.477    0.268    0.626    0.874    0.117    0.113    0.392    0.240    0.037   -1.346    0.531    0.943    3.461    2.492    1.362   -1.411    0.357    0.656    0.115    0.109    0.226    0.736    0.251    0.061   -2.077    1.169    2.789    2.297    1.108    0.870
 0.95592    0.594    0.478    0.264    0.647    0.882    0.115    0.109    0.395    0.245    0.056   -1.398    0.516    0.919    3.477    2.488    1.411   -1.444    0.363    0.616    0.112    0.104    0.222    0.708    0.250    0.076   -2.080    1.130    2.738    2.312    1.137    0.877
 0.97503    0.590    0.477    0.260    0.661    0.891    0.112    0.105    0.397    0.252    0.076   -1.448    0.492    0.916    3.399    2.502    1.476   -1.424    0.333    0.573    0.109    0.100    0.218    0.681    0.251    0.090   -2.083    1.083    2.728    2.331    1.181    0.895
 0.99453    0.588    0.476    0.256    0.673    0.903    0.110    0.100    0.399    0.261    0.098   -1.499    0.461    0.896    3.377    2.500    1.533   -1.440    0.326    0.531    0.106    0.096    0.214    0.657    0.253    0.105   -2.088    1.036    2.718    2.357    1.212    0.905
 1.01443    0.585    0.473    0.252    0.682    0.913    0.107    0.096    0.402    0.269    0.118   -1.550    0.435    0.877    3.311    2.554    1.614   -1.443    0.282    0.498    0.103    0.092    0.208    0.635    0.256    0.121   -2.093    0.988    2.698    2.364    1.259    0.914
 1.03471    0.582    0.470    0.249    0.692    0.924    0.105    0.092    0.404    0.276    0.139   -1.601    0.413    0.881    3.287    2.596    1.632   -1.430    0.256    0.504    0.101    0.089    0.203    0.614    0.258    0.136   -2.099    0.940    2.664    2.387    1.275    0.930
 1.05541    0.577    0.467    0.245    0.700    0.930    0.103    0.089    0.407    0.285    0.160   -1.652    0.386    0.865    3.214    2.685    1.751   -1.425    0.195    0.464    0.098    0.086    0.197    0.594    0.262    0.151   -2.104    0.888    2.617    2.394    1.336    0.948
 1.07652    0.576    0.465    0.242    0.710    0.941    0.101    0.085    0.410    0.297    0.184   -1.707    0.350    0.848    3.133    2.771    1.813   -1.420    0.133    0.460    0.096    0.082    0.191    0.575    0.266    0.165   -2.108    0.837    2.608    2.422    1.395    0.957
 1.09805    0.576    0.462    0.239    0.717    0.955    0.099    0.082    0.415    0.305    0.208   -1.764    0.333    0.843    3.097    2.807    1.832   -1.412    0.107    0.463    0.094    0.079    0.185    0.556    0.268    0.180   -2.112    0.792    2.564    2.454    1.409    0.981
 1.12001    0.577    0.461    0.236    0.726    0.969    0.097    0.079    0.420    0.310    0.232   -1.821    0.332    0.845    3.043    2.836    1.929   -1.392    0.076    0.418    0.092    0.077    0.179    0.538    0.268    0.196   -2.115    0.755    2.541    2.530    1.494    1.002
 1.14241    0.575    0.459    0.234    0.732    0.978    0.096    0.075    0.427    0.312    0.256   -1.881    0.339    0.840    2.972    2.872    1.964   -1.372    0.037    0.413    0.090    0.074    0.173    0.521    0.269    0.212   -2.118    0.718    2.480    2.601    1.580    1.040
 1.16526    0.574    0.458    0.231    0.742    0.988    0.094    0.073    0.434    0.318    0.282   -1.941    0.337    0.827    2.839    2.912    1.945   -1.339   -0.028    0.438    0.088    0.072    0.166    0.504    0.271    0.230   -2.120    0.674    2.452    2.626    1.610    1.082
 1.18856    0.575    0.458    0.229    0.751    1.000    0.093    0.070    0.439    0.327    0.306   -1.996    0.321    0.813    2.770    2.969    2.019   -1.331   -0.075    0.419    0.087    0.069    0.159    0.488    0.276    0.248   -2.122    0.619    2.394    2.668    1.680    1.116
 1.21233    0.574    0.455    0.227    0.753    1.004    0.092    0.067    0.443    0.336    0.333   -2.046    0.300    0.798    2.700    3.036    2.056   -1.324   -0.127    0.423    0.086    0.067    0.152    0.473    0.283    0.266   -2.122    0.556    2.333    2.734    1.749    1.148
 1.23658    0.577    0.453    0.226    0.757    1.019    0.090    0.065    0.444    0.343    0.358   -2.088    0.282    0.800    2.638    3.086    2.051   -1.295   -0.170    0.444    0.084    0.065    0.145    0.458    0.292    0.286   -2.121    0.488    2.280    2.747    1.775    1.223
 1.26131    0.576    0.450    0.225    0.754    1.023    0.089    0.063    0.442    0.341    0.385   -2.122    0.284    0.774    2.588    3.196    2.121   -1.310   -0.229    0.445    0.083    0.063    0.138    0.443    0.302    0.307   -2.122    0.417    2.260    2.787    1.832    1.265
 1.28654    0.579    0.447    0.223    0.755    1.035    0.088    0.061    0.440    0.330    0.409   -2.153    0.313    0.756    2.545    3.261    2.139   -1.318   -0.269    0.458    0.082    0.061    0.132    0.429    0.312    0.330   -2.123    0.345    2.227    2.847    1.879    1.328
 1.31227    0.579    0.444    0.222    0.751    1.039    0.087    0.058    0.436    0.311    0.433   -2.181    0.366    0.751    2.506    3.315    2.119   -1.308   -0.304    0.486    0.081    0.059    0.126    0.415    0.321    0.354   -2.124    0.281    2.168    3.005    1.928    1.382
 1.33851    0.577    0.442    0.222    0.748    1.037    0.086    0.057    0.433    0.293    0.458   -2.210    0.423    0.753    2.473    3.382    2.146   -1.291   -0.340    0.494    0.080    0.057    0.120    0.402    0.325    0.381   -2.128    0.231    2.121    3.031    1.962    1.434
 1.36528    0.581    0.441    0.222    0.746    1.045    0.085    0.055    0.429    0.276    0.482   -2.240    0.480    0.729    2.438    3.323    2.190   -1.310   -0.336    0.453    0.079    0.055    0.114    0.389    0.323    0.407   -2.131    0.202    2.094    3.175    2.004    1.504
 1.39259    0.583    0.440    0.222    0.742    1.047    0.084    0.053    0.426    0.260    0.505   -2.270    0.536    0.731    2.412    3.425    2.198   -1.296   -0.381    0.481    0.079    0.053    0.109    0.377    0.315    0.433   -2.135    0.194    2.065    3.246    2.023    1.552
 1.42044    0.582    0.438    0.221    0.740    1.051    0.083    0.051    0.423    0.245    0.527   -2.300    0.594    0.705    2.358    3.347    2.217   -1.310   -0.380    0.447    0.078    0.051    0.104    0.365    0.303    0.457   -2.139    0.200    2.024    3.146    2.058    1.609
 1.44885    0.583    0.435    0.221    0.735    1.055    0.081    0.049    0.420    0.228    0.550   -2.331    0.665    0.678    2.318    3.434    2.224   -1.335   -0.427    0.472    0.076    0.049    0.099    0.353    0.291    0.480   -2.142    0.212    1.997    3.305    2.085    1.654
 1.47783    0.583    0.430    0.220    0.729    1.059    0.080    0.047    0.416    0.208    0.573   -2.360    0.752    0.669    2.261    3.409    2.284   -1.321   -0.446    0.435    0.075    0.048    0.094    0.342    0.277    0.501   -2.144    0.229    1.979    3.217    2.109    1.730
 1.50738    0.585    0.426    0.220    0.718    1.064    0.079    0.046    0.411    0.188    0.594   -2.383    0.848    0.667    2.235    3.474    2.355   -1.312   -0.479    0.422    0.074    0.046    0.089    0.332    0.263    0.519   -2.145    0.251    1.960    3.187    2.136    1.768
 1.53753    0.591    0.421    0.220    0.704    1.073    0.078    0.044    0.404    0.169    0.610   -2.400    0.943    0.667    2.205    3.432    2.444   -1.299   -0.480    0.369    0.073    0.045    0.085    0.321    0.250    0.537   -2.145    0.274    1.916    3.281    2.168    1.807
 1.56828    0.597    0.416    0.220    0.693    1.084    0.076    0.043    0.397    0.154    0.625   -2.417    1.032    0.675    2.177    3.446    2.492   -1.271   -0.499    0.352    0.072    0.043    0.081    0.312    0.235    0.553   -2.145    0.306    1.883    3.327    2.203    1.848
 1.59965    0.602    0.413    0.220    0.684    1.093    0.075    0.042    0.391    0.140    0.638   -2.435    1.115    0.652    2.105    3.372    2.496   -1.272   -0.512    0.327    0.071    0.042    0.077    0.302    0.219    0.567   -2.143    0.351    1.850    3.335    2.229    1.890
 1.63164    0.605    0.409    0.220    0.676    1.100    0.073    0.040    0.388    0.130    0.650   -2.458    1.188    0.647    2.080    3.319    2.579   -1.267   -0.508    0.274    0.070    0.041    0.074    0.292    0.200    0.577   -2.136    0.410    1.821    3.416    2.286    1.914
 1.66427    0.610    0.406    0.218    0.676    1.118    0.072    0.039    0.385    0.123    0.660   -2.483    1.242    0.633    2.032    3.190    2.598   -1.267   -0.490    0.223    0.068    0.040    0.071    0.282    0.182    0.585   -2.125    0.476    1.793    3.291    2.333    1.954
 1.69756    0.614    0.403    0.215    0.682    1.139    0.070    0.038    0.379    0.118    0.669   -2.499    1.270    0.687    2.010    3.167    2.657   -1.165   -0.494    0.191    0.067    0.039    0.068    0.272    0.165    0.588   -2.110    0.538    1.760    3.269    2.375    1.981
 1.73151    0.620    0.400    0.213    0.687    1.162    0.069    0.037    0.371    0.114    0.676   -2.504    1.279    0.740    1.989    3.055    2.739   -1.074   -0.466    0.119    0.066    0.038    0.065    0.261    0.151    0.590   -2.092    0.594    1.724    3.234    2.422    2.003
 1.76614    0.625    0.399    0.211    0.690    1.179    0.068    0.036    0.361    0.111    0.681   -2.503    1.279    0.768    1.921    3.002    2.811   -0.996   -0.485    0.071    0.064    0.037    0.062    0.251    0.140    0.590   -2.070    0.633    1.699    3.138    2.469    2.049
 1.80146    0.639    0.397    0.211    0.687    1.203    0.066    0.035    0.351    0.109    0.686   -2.497    1.266    0.842    1.887    2.958    2.889   -0.876   -0.488    0.026    0.063    0.037    0.060    0.240    0.132    0.586   -2.043    0.649    1.675    3.139    2.526    2.062
 1.83749    0.654    0.397    0.211    0.684    1.227    0.065    0.034    0.340    0.108    0.688   -2.486    1.243    0.856    1.890    2.804    2.965   -0.860   -0.428   -0.061    0.062    0.036    0.057    0.230    0.127    0.582   -2.011    0.643    1.648    3.057    2.585    2.100
 1.87424    0.674    0.396    0.210    0.687    1.264    0.064    0.034    0.329    0.108    0.690   -2.473    1.204    0.799    1.898    2.757    2.984   -0.940   -0.405   -0.086    0.060    0.035    0.055    0.219    0.123    0.577   -1.977    0.622    1.623    2.911    2.628    2.147
 1.91173    0.690    0.396    0.209    0.693    1.296    0.062    0.033    0.317    0.110    0.690   -2.455    1.149    0.811    1.870    2.651    2.987   -0.907   -0.379   -0.130    0.059    0.035    0.053    0.208    0.121    0.572   -1.940    0.589    1.578    2.857    2.679    2.173
 1.94996    0.713    0.400    0.207    0.713    1.341    0.061    0.032    0.306    0.113    0.691   -2.436    1.085    0.791    1.846    2.602    2.981   -0.920   -0.373   -0.148    0.058    0.034    0.051    0.198    0.120    0.564   -1.900    0.548    1.571    2.764    2.750    2.224
 1.98896    0.743    0.403    0.206    0.730    1.395    0.060    0.032    0.295    0.116    0.688   -2.415    1.017    0.822    1.804    2.558    3.053   -0.853   -0.379   -0.192    0.057    0.034    0.049    0.188    0.118    0.556   -1.858    0.505    1.545    2.658    2.829    2.308
 2.02874    0.775    0.405    0.205    0.740    1.445    0.059    0.031    0.284    0.118    0.687   -2.391    0.950    0.852    1.775    2.499    3.071   -0.798   -0.371   -0.224    0.056    0.033    0.047    0.179    0.117    0.549   -1.818    0.460    1.502    2.583    2.893    2.382
 2.06931    0.823    0.408    0.205    0.750    1.511    0.058    0.031    0.273    0.121    0.684   -2.365    0.881    0.869    1.707    2.447    3.081   -0.732   -0.391   -0.250    0.054    0.033    0.045    0.170    0.116    0.542   -1.779    0.414    1.489    2.521    2.929    2.415
 2.11070    0.852    0.410    0.205    0.756    1.549    0.057    0.030    0.262    0.123    0.681   -2.337    0.819    0.886    1.700    2.441    3.097   -0.708   -0.393   -0.259    0.053    0.032    0.044    0.161    0.115    0.536   -1.741    0.365    1.486    2.457    2.933    2.465
 2.15291    0.895    0.409    0.203    0.762    1.612    0.056    0.030    0.252    0.123    0.679   -2.310    0.780    0.807    1.674    2.398    3.037   -0.793   -0.390   -0.257    0.052    0.032    0.042    0.154    0.115    0.532   -1.705    0.311    1.501    2.438    2.922    2.501
 2.19597    0.947    0.410    0.201    0.777    1.684    0.055    0.030    0.241    0.120    0.677   -2.281    0.757    0.816    1.647    2.326    2.974   -0.763   -0.375   -0.267    0.051    0.031    0.041    0.146    0.116    0.530   -1.671    0.249    1.526    2.387    2.966    2.551
 2.23989    0.968    0.413    0.198    0.797    1.723    0.054    0.029    0.231    0.120    0.678   -2.251    0.706    0.843    1.618    2.269    2.887   -0.708   -0.368   -0.261    0.050    0.031    0.039    0.139    0.118    0.530   -1.637    0.180    1.539    2.341    2.939    2.634
 2.28469    1.011    0.410    0.196    0.803    1.782    0.053    0.029    0.221    0.124    0.681   -2.221    0.630    0.868    1.567    2.224    2.783   -0.641   -0.380   -0.243    0.049    0.030    0.038    0.132    0.119    0.530   -1.603    0.117    1.543    2.300    2.902    2.642
 2.33038    1.066    0.410    0.194    0.812    1.850    0.053    0.028    0.210    0.128    0.686   -2.189    0.544    0.891    1.512    2.197    2.731   -0.574   -0.406   -0.236    0.048    0.030    0.037    0.126    0.119    0.531   -1.570    0.065    1.541    2.243    2.901    2.744
 2.37699    1.124    0.409    0.192    0.822    1.918    0.052    0.028    0.201    0.132    0.691   -2.157    0.454    0.918    1.503    2.158    2.665   -0.536   -0.393   -0.229    0.048    0.029    0.036    0.120    0.118    0.535   -1.537    0.011    1.511    2.198    2.822    2.730
 2.42453    1.175    0.413    0.190    0.845    1.980    0.051    0.027    0.191    0.136    0.697   -2.124    0.372    0.922    1.478    2.126    2.602   -0.512   -0.395   -0.219    0.047    0.028    0.035    0.114    0.120    0.543   -1.506   -0.060    1.514    2.169    2.794    2.800
 2.47302    1.212    0.412    0.188    0.852    2.024    0.051    0.026    0.182    0.140    0.705   -2.091    0.286    0.939    1.487    2.070    2.496   -0.499   -0.359   -0.203    0.046    0.028    0.034    0.108    0.123    0.550   -1.476   -0.141    1.517    2.137    2.733    2.840
